project_name,requirement_id,requirement_title,test_case_title,test_case_description,requirementId,status,testPhases,testTypes,prerequisites,expectedResult,steps
ptw_complete_v4,REQ-001,Export Feature,Export Feature - Export dashboard data in CSV format,E2E test for exporting dashboard data in CSV format of Export Feature,REQ-001,DRAFT,FUNCTIONAL_TESTING|END_TO_END_TESTING|DEPLOYMENT_VERIFICATION_TESTING,UI,• User is logged in with the necessary permissions • Dashboard is fully loaded and visible • Usage Summary and Details widget is visible,<p>Calculated per step</p>,"0: Click on the 'Export' button -> Export options are displayed || 1: Select 'CSV' as the export format -> CSV export options are displayed || 2: Select the data to be exported (e.g., 'Data', 'Voice', 'Long Distance', 'SMS') -> Selected data is exported in CSV format || 3: Verify the exported CSV file -> The CSV file contains the expected data || 4: Verify the CSV file format -> The CSV file is in the correct format || 5: Log out of the application -> User is logged out"
ptw_complete_v4,REQ-001,Export Feature,Export Feature - Export dashboard data in PDF format,E2E test for exporting dashboard data in PDF format of Export Feature,REQ-001,DRAFT,FUNCTIONAL_TESTING|END_TO_END_TESTING|DEPLOYMENT_VERIFICATION_TESTING,UI,• User is logged in with the necessary permissions • Dashboard is fully loaded and visible • Export feature is enabled,<p>Calculated per step</p>,"0: Click on the 'Export' button -> Export options menu is displayed || 1: Select 'PDF' from the export options -> PDF export settings are displayed || 2: Choose the desired PDF settings (e.g., layout, orientation) -> PDF settings are applied || 3: Click on the 'Export' button to generate the PDF -> PDF file is generated and downloaded || 4: Open the downloaded PDF file -> PDF file is opened and displays the dashboard data || 5: Verify the PDF file contents (e.g., data, visuals, layout) -> PDF file contents match the expected output || 6: Check for any errors or warnings during the export process -> No errors or warnings are displayed || 7: Verify the file format and size -> File format is PDF and size is reasonable || 8: Test the export feature with different dashboard data (e.g., different date ranges) -> Export feature works correctly with different data || 9: Test the export feature with different user permissions -> Export feature works correctly with different user permissions"
ptw_complete_v4,REQ-002,NAG (Group) Filter,NAG (Group) Filter - Select NAG from dropdown filter,E2E test for Select NAG from dropdown filter of NAG (Group) Filter,REQ-002,DRAFT,FUNCTIONAL_TESTING|END_TO_END_TESTING|DEPLOYMENT_VERIFICATION_TESTING,UI,• User is logged in as an Admin • User has access to the dashboard,<p>Calculated per step</p>,0: Login to the dashboard as an Admin -> User is successfully logged in and redirected to the dashboard || 1: Navigate to the dashboard -> Dashboard is displayed with the NAG (Group) Filter dropdown || 2: Click on the NAG (Group) Filter dropdown -> Dropdown list of NAGs is displayed || 3: Verify that the dropdown list contains all NAGs associated with the logged-in Admin -> Dropdown list contains all expected NAGs || 4: Select a NAG from the dropdown list -> Dashboard is updated to display information for the selected NAG || 5: Verify that the default view is a single NAG based on numerical/alphabetical order -> Dashboard displays information for a single NAG || 6: Verify that the dashboard displays the correct information for the selected NAG -> Dashboard displays correct information for the selected NAG || 7: Log out of the dashboard -> User is successfully logged out
ptw_complete_v4,REQ-002,NAG (Group) Filter,NAG (Group) Filter - Verify default view,E2E test for Verify default view of NAG (Group) Filter,REQ-002,DRAFT,FUNCTIONAL_TESTING|END_TO_END_TESTING|DEPLOYMENT_VERIFICATION_TESTING,UI,• User is logged in as an Admin • User has multiple NAGs associated with their account,<p>Calculated per step</p>,0: Login as an Admin user -> User is logged in successfully || 1: Verify that the dropdown filter contains all NAGs associated with the logged-in Admin -> Dropdown filter contains all NAGs || 2: Verify that the default view is a single NAG based on numerical/alphabetical order -> Default view is a single NAG || 3: Select a different NAG from the dropdown filter -> Dashboard and information are filtered correctly based on the selected NAG || 4: Verify that the dashboard and information are updated correctly -> Dashboard and information are updated correctly || 5: Repeat steps 4 and 5 for multiple NAGs -> Dashboard and information are filtered correctly for each NAG || 6: Verify that the filter is working correctly for each NAG -> Filter is working correctly for each NAG || 7: Logout as an Admin user -> User is logged out successfully
ptw_complete_v4,REQ-003,NAG favoriting,NAG favoriting - Select NAG as favorite,E2E test for Select NAG as favorite of NAG favoriting,REQ-003,DRAFT,FUNCTIONAL_TESTING|END_TO_END_TESTING|DEPLOYMENT_VERIFICATION_TESTING,UI,• User has valid credentials • User has access to the dashboard • NAGs are available for favoriting,<p>Calculated per step</p>,0: Login to the dashboard with valid credentials -> User is logged in and redirected to the dashboard || 1: Navigate to the NAG selection page -> NAG selection page is displayed with available NAGs || 2: Select a NAG as a favorite -> NAG is favorited and displayed with a favorite icon || 3: Verify the favorited NAG is displayed as the default view -> Favorited NAG is displayed as the default view || 4: Logout of the dashboard -> User is logged out and redirected to the login page || 5: Login to the dashboard again -> User is logged in and redirected to the dashboard || 6: Verify the favorited NAG is still displayed as the default view -> Favorited NAG is still displayed as the default view || 7: Cleanup: remove favorite NAG -> NAG is no longer favorited
ptw_complete_v4,REQ-003,NAG favoriting,NAG favoriting - Verify favorited NAG as default view,E2E test for Verify favorited NAG as default view of NAG favoriting,REQ-003,DRAFT,FUNCTIONAL_TESTING|END_TO_END_TESTING|DEPLOYMENT_VERIFICATION_TESTING,UI,• User has a valid login credentials • User has access to the dashboard • User has at least one NAG to favorite,<p>Calculated per step</p>,0: Login to the dashboard with valid credentials -> User is logged in and redirected to the dashboard || 1: Navigate to the NAG selection page -> User is redirected to the NAG selection page || 2: Select a NAG to favorite -> NAG is favorited and a confirmation message is displayed || 3: Log out of the dashboard -> User is logged out and redirected to the login page || 4: Log back in to the dashboard -> User is logged in and redirected to the dashboard || 5: Verify that the favorited NAG is displayed as the default view -> Favorited NAG is displayed as the default view || 6: Verify that the NAG metric tiles are displayed for the favorited NAG -> NAG metric tiles are displayed for the favorited NAG || 7: Verify that the usage summary tabs are displayed for the favorited NAG -> Usage summary tabs are displayed for the favorited NAG || 8: Verify that the billing period information is displayed for the favorited NAG -> Billing period information is displayed for the favorited NAG || 9: Verify that the data usage bar chart is displayed for the favorited NAG -> Data usage bar chart is displayed for the favorited NAG || 10: Verify that the interaction prompt is displayed for the favorited NAG -> Interaction prompt is displayed for the favorited NAG || 11: Verify that the usage bar chart drilldown is displayed for the favorited NAG -> Usage bar chart drilldown is displayed for the favorited NAG || 12: Log out of the dashboard -> User is logged out and redirected to the login page
ptw_complete_v4,REQ-004,NAG Metric Tiles,NAG Metric Tiles - View NAG Metric Tiles,E2E test for View NAG Metric Tiles of NAG Metric Tiles,REQ-004,DRAFT,FUNCTIONAL_TESTING|END_TO_END_TESTING|DEPLOYMENT_VERIFICATION_TESTING,UI,• User is logged in to the BBSSC dashboard • User has access to the NAG metric tiles section,<p>Calculated per step</p>,0: Login to the BBSSC dashboard with valid credentials -> User is successfully logged in and redirected to the dashboard || 1: Navigate to the NAG metric tiles section -> NAG metric tiles section is displayed || 2: Verify the accuracy of the data reflected in the Active Subscribers tile -> The data reflected in the Active Subscribers tile is accurate || 3: Click on the Active Subscribers tile -> User is redirected to the 'advanced search' view of the 'Mobile Devices and Plans - Subscriber Page' with the Group (NAG) and 'Active' status fields pre-populated || 4: Verify the accuracy of the data reflected in the Suspended Subscribers tile -> The data reflected in the Suspended Subscribers tile is accurate || 5: Click on the Suspended Subscribers tile -> User is redirected to the 'advanced search' view of the 'Mobile Devices and Plans - Subscriber Page' with the Group (NAG) and 'Suspended' status fields pre-populated || 6: Verify the accuracy of the count of cancelled subscribers within the last 12 months for the selected NAG -> The count of cancelled subscribers is accurate || 7: Click on the Cancelled Subscribers tile -> User is redirected to the correct view with the cancelled subscribers information || 8: Verify that the NAG metric tiles section is updated correctly after clicking on each tile -> The NAG metric tiles section is updated correctly || 9: Logout from the BBSSC dashboard -> User is successfully logged out
ptw_complete_v4,REQ-004,NAG Metric Tiles,NAG Metric Tiles - Click on a Metric Tile,E2E test for Click on a Metric Tile of NAG Metric Tiles,REQ-004,DRAFT,FUNCTIONAL_TESTING|END_TO_END_TESTING|DEPLOYMENT_VERIFICATION_TESTING,UI,• User is logged in to the BBSSC dashboard • User has access to the NAG Metric Tiles feature,<p>Calculated per step</p>,0: Login to the BBSSC dashboard with valid credentials -> User is successfully logged in and redirected to the dashboard || 1: Navigate to the NAG Metric Tiles section -> NAG Metric Tiles section is displayed with various metric tiles || 2: Click on the Active Subscribers tile -> User is redirected to the 'advanced search' view of the Mobile Devices and Plans - Subscriber Page || 3: Verify that the Group (NAG) and Active status fields are pre-populated -> Group (NAG) and Active status fields are pre-populated and corresponding results are displayed || 4: Click on the Suspended Subscribers tile -> User is redirected to the 'advanced search' view of the Mobile Devices and Plans - Subscriber Page || 5: Verify that the Group (NAG) and Suspended status fields are pre-populated -> Group (NAG) and Suspended status fields are pre-populated and corresponding results are displayed || 6: Verify the count of Cancelled Subscribers tile -> Count accurately reflects the number of subscribers cancelled within the last 12 months for the selected NAG || 7: Click on the Cancelled Subscribers tile -> User is redirected to the 'advanced search' view of the Mobile Devices and Plans - Subscriber Page || 8: Verify that the Group (NAG) and Cancelled status fields are pre-populated -> Group (NAG) and Cancelled status fields are pre-populated and corresponding results are displayed || 9: Logout from the BBSSC dashboard -> User is successfully logged out
ptw_complete_v4,REQ-005,Usage Summary Tabs,Usage Summary Tabs - Default Tab Selection,E2E test for Default Tab Selection of Usage Summary Tabs,REQ-005,DRAFT,FUNCTIONAL_TESTING|END_TO_END_TESTING|DEPLOYMENT_VERIFICATION_TESTING,UI,• User is logged in to the dashboard • Usage Summary Tabs feature is enabled,<p>Calculated per step</p>,"0: Login to the dashboard -> Dashboard is displayed with the Data tab selected by default || 1: Verify that the Data tab is selected by default -> Data tab is selected and corresponding data is displayed || 2: Navigate to another page (e.g., Settings) -> Page is displayed correctly || 3: Return to the dashboard -> Data tab is still selected and corresponding data is displayed || 4: Select the Voice tab -> Voice tab is selected and corresponding data is displayed || 5: Verify that the Voice tab remains selected after navigating away and returning to the dashboard -> Voice tab is still selected and corresponding data is displayed || 6: Repeat steps 5-6 for the Long Distance and SMS tabs -> Selected tab remains selected and corresponding data is displayed after navigating away and returning to the dashboard || 7: Reload the dashboard -> Selected tab is still selected and corresponding data is displayed || 8: Verify that the selected tab persists across reloads and navigation -> Selected tab remains selected and corresponding data is displayed || 9: Logout of the dashboard -> Dashboard is no longer displayed"
ptw_complete_v4,REQ-005,Usage Summary Tabs,Usage Summary Tabs - Tab Selection and Data Accuracy,E2E test for Tab Selection and Data Accuracy of Usage Summary Tabs feature,REQ-005,DRAFT,FUNCTIONAL_TESTING|END_TO_END_TESTING|DEPLOYMENT_VERIFICATION_TESTING,UI,• User is logged out of the dashboard • User has the necessary permissions to view the Usage Summary Tabs,<p>Calculated per step</p>,0: Login to the dashboard -> User is logged in and the dashboard is displayed || 1: Verify that the Data tab is selected by default -> The Data tab is selected and the corresponding data is displayed || 2: Select the Voice tab -> The Voice tab is selected and the corresponding data is displayed || 3: Verify that the data displayed for the Voice tab is accurate -> The data displayed for the Voice tab is accurate and corresponds to the selected grouping || 4: Select the Long Distance tab -> The Long Distance tab is selected and the corresponding data is displayed || 5: Verify that the data displayed for the Long Distance tab is accurate -> The data displayed for the Long Distance tab is accurate and corresponds to the selected grouping || 6: Select the SMS tab -> The SMS tab is selected and the corresponding data is displayed || 7: Verify that the data displayed for the SMS tab is accurate -> The data displayed for the SMS tab is accurate and corresponds to the selected grouping || 8: Navigate away from the dashboard and return -> The selected tab remains selected || 9: Verify that the bar chart displays usage data for the last 14 months -> The bar chart displays usage data for the last 14 months || 10: Verify that the usage tabs are displayed correctly -> The usage tabs are displayed correctly and the corresponding data is displayed || 11: Logout of the dashboard -> User is logged out of the dashboard
ptw_complete_v4,REQ-005,Usage Summary Tabs,Usage Summary Tabs - Persistence of Tab Selection,E2E test for Persistence of Tab Selection scenario of Usage Summary Tabs feature,REQ-005,DRAFT,FUNCTIONAL_TESTING|END_TO_END_TESTING|DEPLOYMENT_VERIFICATION_TESTING,UI,• User has the required permissions to view the Wireless Dashboard • User has access to the Usage Summary and Details widget,<p>Calculated per step</p>,0: Login to the Wireless Dashboard -> User is logged in and the dashboard is displayed || 1: Verify the default selected tab -> The Data tab is selected by default || 2: Select the Voice tab -> The Voice tab is selected and the bar chart updates || 3: Navigate away from the dashboard -> The user is navigated away from the dashboard || 4: Return to the dashboard -> The Voice tab remains selected || 5: Select the Long Distance tab -> The Long Distance tab is selected and the bar chart updates || 6: Verify the data displayed for the Long Distance tab -> The correct data is displayed for the Long Distance tab || 7: Select the SMS tab -> The SMS tab is selected and the bar chart updates || 8: Verify the data displayed for the SMS tab -> The correct data is displayed for the SMS tab || 9: Navigate away from the dashboard -> The user is navigated away from the dashboard || 10: Return to the dashboard -> The SMS tab remains selected || 11: Verify the persistence of the selected tab -> The selected tab remains persistent across reloads and navigation
ptw_complete_v4,REQ-006,Billing Period Information,Billing Period Information - Verify open cycle date accuracy,E2E test for Verify open cycle date accuracy of Billing Period Information,REQ-006,DRAFT,FUNCTIONAL_TESTING|END_TO_END_TESTING|DEPLOYMENT_VERIFICATION_TESTING,UI,• User has a valid login credentials • User has access to the dashboard • Customer profile is set up with billing period information,<p>Calculated per step</p>,0: Login to the application with valid credentials -> User is logged in successfully || 1: Navigate to the dashboard -> Dashboard is displayed with billing period information || 2: Verify the open cycle date -> Open cycle date is accurate based on the customer profile || 3: Verify the closed cycle date -> Closed cycle date is accurate based on the customer profile || 4: Check the billing period information for different customer profiles -> Billing period information is accurate for each customer profile || 5: Verify the open and closed cycle dates for each customer profile -> Open and closed cycle dates are accurate for each customer profile || 6: Log out of the application -> User is logged out successfully
ptw_complete_v4,REQ-006,Billing Period Information,Billing Period Information - Verify closed cycle date accuracy,E2E test for Verify closed cycle date accuracy of Billing Period Information,REQ-006,DRAFT,FUNCTIONAL_TESTING|END_TO_END_TESTING|DEPLOYMENT_VERIFICATION_TESTING,UI,• User has a valid login credentials • User has access to the Billing Period Information feature,<p>Calculated per step</p>,"0: Login to the dashboard with valid credentials -> User is logged in and redirected to the dashboard || 1: Navigate to the Billing Period Information section -> Billing Period Information section is displayed || 2: Verify the closed cycle date is displayed -> Closed cycle date is displayed and accurate || 3: Verify the open cycle date is displayed -> Open cycle date is displayed and accurate || 4: Verify the usage summary tabs are displayed -> Usage summary tabs (Data, Voice, Long Distance, SMS) are displayed || 5: Verify the bar chart displays usage data for the last 14 months -> Bar chart displays usage data for the last 14 months || 6: Verify the user can navigate away and return to the dashboard -> User can navigate away and return to the dashboard without issues || 7: Verify the 'Usage Summary and Details' widget is not visible for users without permission -> The 'Usage Summary and Details' widget is not visible || 8: Verify the cleanup of the test data -> Test data is cleaned up"
ptw_complete_v4,REQ-007,Data Usage Bar Chart,Data Usage Bar Chart - Verify Tooltip Information,E2E test for Verify Tooltip Information of Data Usage Bar Chart,REQ-007,DRAFT,FUNCTIONAL_TESTING|END_TO_END_TESTING|DEPLOYMENT_VERIFICATION_TESTING,UI,• User is logged in • User has permission to view dashboard • Sample usage data is available for the last 14 months,<p>Calculated per step</p>,"0: Log in to the dashboard -> User is logged in successfully || 1: Navigate to the dashboard -> Dashboard is displayed || 2: Select the Data tab -> Data tab is selected and bar chart is displayed || 3: Hover over the bar chart -> Tooltip is displayed with relevant information || 4: Verify tooltip information -> Tooltip displays correct information, including In-plan, Overage, and Roaming Usage || 5: Verify unit of usage -> Unit of usage is displayed correctly || 6: Verify current grouping -> Current grouping is displayed correctly || 7: Log out -> User is logged out successfully"
ptw_complete_v4,REQ-007,Data Usage Bar Chart,Data Usage Bar Chart - Verify Visuals Heading,E2E test for Verify Visuals Heading of Data Usage Bar Chart,REQ-007,DRAFT,FUNCTIONAL_TESTING|END_TO_END_TESTING|DEPLOYMENT_VERIFICATION_TESTING,UI,• User has valid login credentials • User has access to the dashboard • User has the necessary permissions to view the Usage Summary and Details widget,<p>Calculated per step</p>,"0: Login to the dashboard with valid credentials -> User is logged in and the dashboard is displayed || 1: Verify the default selection of the Data tab -> The Data tab is selected by default || 2: Select the Voice tab -> The Voice tab is selected and the bar chart displays usage data for the last 14 months || 3: Verify the tooltip information for In-plan, Overage, and Roaming Usage -> The tooltip displays the relevant information for In-plan, Overage, and Roaming Usage || 4: Select the Long Distance tab -> The Long Distance tab is selected and the bar chart displays usage data for the last 14 months || 5: Verify the tooltip information for In-plan, Overage, and Roaming Usage -> The tooltip displays the relevant information for In-plan, Overage, and Roaming Usage || 6: Select the SMS tab -> The SMS tab is selected and the bar chart displays usage data for the last 14 months || 7: Verify the tooltip information for In-plan, Overage, and Roaming Usage -> The tooltip displays the relevant information for In-plan, Overage, and Roaming Usage || 8: Verify the visuals heading reflects the current grouping (Data, Voice, LD, SMS) and the unit of usage -> The visuals heading displays the correct information || 9: Logout from the dashboard -> User is logged out and the login page is displayed"
ptw_complete_v4,REQ-008,Interaction Prompt,Interaction Prompt - Clicking on a graph bar displays detailed information,E2E test for clicking on a graph bar to display detailed information of Interaction Prompt feature,REQ-008,DRAFT,FUNCTIONAL_TESTING|END_TO_END_TESTING|DEPLOYMENT_VERIFICATION_TESTING,UI,• User is logged into the system • User has permission to view the dashboard • User has a valid account with usage data,<p>Calculated per step</p>,"0: Login to the system with valid credentials -> User is logged in and redirected to the dashboard || 1: Navigate to the dashboard -> Dashboard is displayed with usage graphs || 2: Click on the 'Data' tab -> Data usage graph is displayed || 3: Click on a bar in the data usage graph -> Detailed information about the selected data usage is displayed || 4: Verify that the detailed information includes usage details for the selected period -> Usage details for the selected period are displayed || 5: Navigate back to the main view -> Main view is displayed with usage graphs || 6: Repeat steps 3-6 for 'Voice', 'Long Distance', and 'SMS' tabs -> Detailed information for each tab is displayed correctly || 7: Logout of the system -> User is logged out and redirected to the login page"
ptw_complete_v4,REQ-009,Usage Bar Chart Drilldown,Usage Bar Chart Drilldown - Drilldown with valid month selection,E2E test for Drilldown with valid month selection of Usage Bar Chart Drilldown,REQ-009,DRAFT,FUNCTIONAL_TESTING|END_TO_END_TESTING|DEPLOYMENT_VERIFICATION_TESTING,UI,• User has a valid login credential • User has the necessary permissions to view the Usage Summary and Details widget,<p>Calculated per step</p>,0: Login to the dashboard with a valid user credential -> User is logged in successfully || 1: Navigate to the Usage Summary and Details widget -> Usage Summary and Details widget is displayed || 2: Select the 'Data' tab by default -> Data tab is selected and usage data is displayed || 3: Verify that the bar chart displays usage data for the last 14 months -> Bar chart displays usage data for the last 14 months || 4: Select a specific month from the bar chart to drill down -> Drilldown view is loaded with data corresponding to the selected month || 5: Verify that the drilldown view loads data corresponding to the selected month -> Drilldown view is populated with data for the selected month || 6: Verify that the heading reflects the selected month -> Heading displays the selected month || 7: Perform additional verification steps to ensure that the drilldown view is correctly populated with data -> Drilldown view is correctly populated with data || 8: Logout from the dashboard -> User is logged out successfully
ptw_complete_v4,REQ-009,Usage Bar Chart Drilldown,Usage Bar Chart Drilldown - Drilldown with invalid month selection,E2E test for Drilldown with invalid month selection of Usage Bar Chart Drilldown feature,REQ-009,DRAFT,FUNCTIONAL_TESTING|END_TO_END_TESTING|DEPLOYMENT_VERIFICATION_TESTING,UI,• User has valid login credentials • User has access to the Usage Bar Chart Drilldown feature,<p>Calculated per step</p>,"0: Login to the dashboard with valid user credentials -> User is logged in successfully || 1: Navigate to the Usage Bar Chart Drilldown feature -> Usage Bar Chart Drilldown feature is displayed || 2: Select a bar graph for drilldown view -> Bar graph is selected successfully || 3: Attempt to drill down with an invalid month selection -> Drilldown does not load data corresponding to the invalid month selected || 4: Verify that the heading does not reflect the invalid month selected -> Heading does not reflect the invalid month selected || 5: Perform cleanup actions, such as logging out of the dashboard -> User is logged out successfully"
ptw_complete_v4,REQ-010,Shared Plans Usage Breakdown,Shared Plans Usage Breakdown - Verify table display for different months,E2E test for Verify table display for different months of Shared Plans Usage Breakdown,REQ-010,DRAFT,FUNCTIONAL_TESTING|END_TO_END_TESTING|DEPLOYMENT_VERIFICATION_TESTING,UI,• User is logged in to the dashboard • User has the necessary permissions to view the Shared Plans Usage Breakdown table,<p>Calculated per step</p>,"0: Login to the dashboard with valid credentials -> User is logged in and the dashboard is displayed || 1: Navigate to the Shared Plans Usage Breakdown table -> The table is displayed with the correct columns and data || 2: Select a specific month from the dropdown menu -> The table is updated to display the data for the selected month || 3: Verify that the table displays the correct data for the selected month -> The table displays the correct data for the selected month, including roaming, overage, and in-plan usage || 4: Select a different month from the dropdown menu -> The table is updated to display the data for the newly selected month || 5: Verify that the table displays the correct data for the newly selected month -> The table displays the correct data for the newly selected month, including roaming, overage, and in-plan usage || 6: Repeat steps 3-6 for multiple months -> The table displays the correct data for each selected month || 7: Verify that the table is updated correctly when the user navigates away and returns to the dashboard -> The table is updated correctly and displays the correct data for the selected month || 8: Verify that the table is displayed correctly for different user roles -> The table is displayed correctly for different user roles, with the correct data and columns || 9: Logout of the dashboard -> The user is logged out and the dashboard is no longer displayed"
ptw_complete_v4,REQ-010,Shared Plans Usage Breakdown,Shared Plans Usage Breakdown - Check data accuracy for each group and category,E2E test for checking data accuracy for each group and category of Shared Plans Usage Breakdown,REQ-010,DRAFT,FUNCTIONAL_TESTING|END_TO_END_TESTING|DEPLOYMENT_VERIFICATION_TESTING,UI,• User is logged in to the dashboard • User has the necessary permissions to view the Shared Plans Usage Breakdown,<p>Calculated per step</p>,0: Click on the 'Shared Plans Usage Breakdown' tab -> The Shared Plans Usage Breakdown table is displayed || 1: Verify that the table displays the correct data for each group and category -> The table displays the correct data for each group and category || 2: Click on the 'Data' tab -> The Data usage bar chart is displayed || 3: Verify that the bar chart displays the correct data for the last 14 months -> The bar chart displays the correct data for the last 14 months || 4: Click on the 'Voice' tab -> The Voice usage bar chart is displayed || 5: Verify that the bar chart displays the correct data for the last 14 months -> The bar chart displays the correct data for the last 14 months || 6: Click on the 'Long Distance' tab -> The Long Distance usage bar chart is displayed || 7: Verify that the bar chart displays the correct data for the last 14 months -> The bar chart displays the correct data for the last 14 months || 8: Click on the 'SMS' tab -> The SMS usage bar chart is displayed || 9: Verify that the bar chart displays the correct data for the last 14 months -> The bar chart displays the correct data for the last 14 months || 10: Click on the 'Breakdown' button -> The breakdown table is displayed || 11: Verify that the breakdown table displays the correct data for each group and category -> The breakdown table displays the correct data for each group and category || 12: Log out of the dashboard -> The user is logged out of the dashboard
ptw_complete_v4,REQ-010,Shared Plans Usage Breakdown,Shared Plans Usage Breakdown - Test clickability of links for each group's corresponding Data Usage category,E2E test for Test clickability of links for each group's corresponding Data Usage category of Shared Plans Usage Breakdown,REQ-010,DRAFT,FUNCTIONAL_TESTING|END_TO_END_TESTING|DEPLOYMENT_VERIFICATION_TESTING,UI,• User is logged into the dashboard • User has the necessary permissions to view the Shared Plans Usage Breakdown table,<p>Calculated per step</p>,0: Login to the dashboard -> User is logged in and the dashboard is displayed || 1: Navigate to the Shared Plans Usage Breakdown table -> The Shared Plans Usage Breakdown table is displayed || 2: Verify the links for each group's corresponding Data Usage category -> The links are displayed and are clickable || 3: Click on each link and verify the data displayed -> The correct data is displayed for each link || 4: Verify the accuracy of the share group for plans breakdown -> The share group for plans is broken down accurately || 5: Verify the accuracy of the data towards usage for each group -> The data is accurate towards usage for each group || 6: Logout of the dashboard -> User is logged out and the dashboard is no longer displayed
ptw_complete_v4,REQ-010,Shared Plans Usage Breakdown,Shared Plans Usage Breakdown - Ensure back button functions correctly,E2E test for Ensure back button functions correctly of Shared Plans Usage Breakdown feature,REQ-010,DRAFT,FUNCTIONAL_TESTING|END_TO_END_TESTING|DEPLOYMENT_VERIFICATION_TESTING,UI,• User is logged in with valid credentials • User has access to the Shared Plans Usage Breakdown feature,<p>Calculated per step</p>,0: Login to the application with valid credentials -> User is logged in successfully || 1: Navigate to the Shared Plans Usage Breakdown feature -> User is navigated to the Shared Plans Usage Breakdown page || 2: Click on the back button -> User is returned to the previous page || 3: Verify the user is returned to the previous page -> User is returned to the previous page without losing any data or context || 4: Verify the back button functionality -> Back button functions correctly and returns the user to the previous page || 5: Logout of the application -> User is logged out successfully || 6: Verify the user is logged out -> User is logged out and returned to the login page || 7: Verify the back button functionality after logout -> Back button functions correctly and returns the user to the previous page
ptw_complete_v4,REQ-011,Individual Plans Usage Breakdown,Individual Plans Usage Breakdown - View Individual Plans Usage Breakdown,E2E test for View Individual Plans Usage Breakdown of Individual Plans Usage Breakdown,REQ-011,DRAFT,FUNCTIONAL_TESTING|END_TO_END_TESTING|DEPLOYMENT_VERIFICATION_TESTING,UI,• User is logged in to the dashboard • User has permission to view Individual Plans Usage Breakdown,<p>Calculated per step</p>,"0: Login to the dashboard -> User is logged in successfully || 1: Navigate to the Individual Plans Usage Breakdown section -> Individual Plans Usage Breakdown section is displayed || 2: Verify that the table displays accurate data for each group -> Table displays accurate data for each group, including roaming, overage, and in-plan usage || 3: Verify that the links for each group's corresponding data usage type are clickable -> Links are clickable and display corresponding data usage type || 4: Verify that the back button brings the user back to the default state -> Back button brings the user back to the default state || 5: Verify that the usage bar chart drilldown is collapsed and replaced by an interaction prompt -> Usage bar chart drilldown is collapsed and replaced by an interaction prompt || 6: Click on the back button -> User is brought back to the default state || 7: Verify that the usage summary tabs are displayed -> Usage summary tabs are displayed || 8: Verify that the data tab is selected by default -> Data tab is selected by default || 9: Select the voice tab -> Voice tab is selected || 10: Navigate away and return to the dashboard -> Voice tab remains selected || 11: Verify that the bar chart displays usage data for the last 14 months -> Bar chart displays usage data for the last 14 months || 12: Verify that the usage summary tabs display accurate data -> Usage summary tabs display accurate data || 13: Logout of the dashboard -> User is logged out successfully"
ptw_complete_v4,REQ-011,Individual Plans Usage Breakdown,Individual Plans Usage Breakdown - Drill-Down View for Individual Plans,E2E test for Drill-Down View for Individual Plans of Individual Plans Usage Breakdown,REQ-011,DRAFT,FUNCTIONAL_TESTING|END_TO_END_TESTING|DEPLOYMENT_VERIFICATION_TESTING,UI,• User is logged in with the necessary permissions • User has access to the Wireless Dashboard,<p>Calculated per step</p>,0: Login to the Wireless Dashboard with valid credentials -> User is logged in and the dashboard is displayed || 1: Navigate to the Individual Plans Usage Breakdown section -> The Individual Plans Usage Breakdown section is displayed || 2: Verify that individual plans are broken down accurately -> Individual plans are broken down accurately || 3: Verify that data is accurate towards usage for each group -> Data is accurate towards usage for each group || 4: Click on a link for a group's corresponding data usage type -> The link is clickable and the corresponding data usage type is displayed || 5: Verify that the back button brings the user back to the default state -> The back button brings the user back to the default state || 6: Verify that the Usage Bar Chart Drilldown is collapsed and is replaced by Interaction Prompt -> The Usage Bar Chart Drilldown is collapsed and is replaced by Interaction Prompt || 7: Verify that the drill-down view displays the correct data for the selected individual plan -> The drill-down view displays the correct data for the selected individual plan || 8: Verify that the drill-down view displays the correct usage data for the selected individual plan -> The drill-down view displays the correct usage data for the selected individual plan || 9: Verify that the user can navigate back to the default state from the drill-down view -> The user can navigate back to the default state from the drill-down view || 10: Logout of the Wireless Dashboard -> User is logged out of the Wireless Dashboard
ptw_complete_v4,REQ-011,Individual Plans Usage Breakdown,Individual Plans Usage Breakdown - Export Usage Data,E2E test for Export Usage Data scenario of Individual Plans Usage Breakdown feature,REQ-011,DRAFT,FUNCTIONAL_TESTING|END_TO_END_TESTING|DEPLOYMENT_VERIFICATION_TESTING,UI,• User is logged in to the dashboard • User has the necessary permissions to view usage data,<p>Calculated per step</p>,"0: Navigate to the Individual Plans Usage Breakdown page -> The page displays the usage breakdown for individual plans || 1: Select the Data tab -> The page displays the data usage breakdown for individual plans || 2: Click on the Export button -> The export options are displayed || 3: Select the CSV export option -> The CSV file is downloaded || 4: Verify the contents of the CSV file -> The CSV file contains the correct data, including roaming, overage, and in-plan usage for each group || 5: Select the PDF export option -> The PDF file is downloaded || 6: Verify the contents of the PDF file -> The PDF file contains the correct data, including roaming, overage, and in-plan usage for each group || 7: Select the Excel export option -> The Excel file is downloaded || 8: Verify the contents of the Excel file -> The Excel file contains the correct data, including roaming, overage, and in-plan usage for each group || 9: Select the PNG export option -> The PNG file is downloaded || 10: Verify the contents of the PNG file -> The PNG file contains the correct visual representation of the usage data || 11: Select the JPEG export option -> The JPEG file is downloaded || 12: Verify the contents of the JPEG file -> The JPEG file contains the correct visual representation of the usage data || 13: Click on the Back button -> The user is returned to the default state || 14: Verify that the Usage Bar Chart Drilldown is collapsed -> The Usage Bar Chart Drilldown is collapsed and replaced by the Interaction Prompt"
ptw_complete_v4,REQ-012,"In-plan Usage Threshold ""Donut Wheel""","In-plan Usage Threshold ""Donut Wheel"" - Full feature functionality",E2E test for In-plan Usage Threshold 'Donut Wheel' of Play to Win SS Ph1 - Dashboard,REQ-012,DRAFT,FUNCTIONAL_TESTING|END_TO_END_TESTING|DEPLOYMENT_VERIFICATION_TESTING,UI,• User has logged in to the dashboard • User has the required permissions to view the 'Usage Summary and Details' widget,<p>Calculated per step</p>,"0: Login to the dashboard -> User is logged in successfully || 1: Navigate to the 'Usage Summary and Details' widget -> Widget is displayed correctly || 2: Select the 'Data' tab -> Bar chart displays usage data for the last 14 months || 3: Select a specific month -> 'Donut Wheel' visual is displayed correctly, showing the in-plan usage threshold || 4: Verify the customer usage summary table -> Table is displayed correctly, including the breakdown of Roaming, Overage, and In-plan usages || 5: Verify the 'Donut Wheel' visual -> Visual is displayed correctly, showing the in-plan usage threshold || 6: Log out of the dashboard -> User is logged out successfully || 7: Login to the dashboard with a user who lacks the required permissions -> 'Usage Summary and Details' widget is not visible || 8: Verify that the 'Usage Summary and Details' widget is not visible -> Widget is not visible || 9: Log out of the dashboard -> User is logged out successfully"
ptw_complete_v4,REQ-013,Breakdown Table Back Button,Breakdown Table Back Button - Back button navigation from breakdown table,E2E test for Back button navigation from breakdown table of Breakdown Table Back Button,REQ-013,DRAFT,FUNCTIONAL_TESTING|END_TO_END_TESTING|DEPLOYMENT_VERIFICATION_TESTING,UI,• User is logged in • User has necessary permissions to view the breakdown table,<p>Calculated per step</p>,"0: Login to the dashboard with valid credentials -> User is successfully logged in and redirected to the dashboard || 1: Navigate to the breakdown table by clicking on the 'Data' tab -> Breakdown table is displayed with usage data for the last 14 months || 2: Click on the back button within the breakdown table -> User is redirected back to the previous view with interaction prompt visible || 3: Verify that all existing filters are still applied -> All existing filters are still applied, and the interaction prompt is visible || 4: Verify that the user can navigate back to the breakdown table and the back button is still functional -> User can navigate back to the breakdown table, and the back button is still functional || 5: Logout of the dashboard -> User is successfully logged out"
ptw_complete_v4,REQ-013,Breakdown Table Back Button,Breakdown Table Back Button - Back button navigation with filters applied,E2E test for Back button navigation with filters applied of Breakdown Table Back Button,REQ-013,DRAFT,FUNCTIONAL_TESTING|END_TO_END_TESTING|DEPLOYMENT_VERIFICATION_TESTING,UI,• User is logged in to the dashboard • User has necessary permissions to view the Usage Summary and Details widget,<p>Calculated per step</p>,"0: Click on the Data tab in the Usage Summary and Details widget -> The Data tab is selected, and the bar chart displays usage data for the last 14 months || 1: Apply a filter to the data, such as selecting a specific NAG (Group) Filter -> The filter is applied, and the data in the bar chart is updated accordingly || 2: Click on the Breakdown Table button to view detailed usage data -> The Breakdown Table is displayed, showing detailed usage data for the selected filter || 3: Click on the Back button within the Breakdown Table -> The user is returned to the previous view, with the interaction prompt visible and the filter still applied || 4: Verify that the filter is still applied and the data in the bar chart is updated accordingly -> The filter is still applied, and the data in the bar chart is updated accordingly || 5: Repeat steps 2-5 for different filters and tabs (e.g., Voice, Long Distance, SMS) -> The back button navigation works as expected for each filter and tab || 6: Log out of the dashboard -> The user is logged out, and the session is terminated"
ptw_complete_v4,REQ-014,Shareplans Detail Table,Shareplans Detail Table - Select In-plan Shareplan group,E2E test for Select In-plan Shareplan group of Shareplans Detail Table,REQ-014,DRAFT,FUNCTIONAL_TESTING|END_TO_END_TESTING|DEPLOYMENT_VERIFICATION_TESTING,UI,• User has valid login credentials • User has access to the Shareplans Detail Table,<p>Calculated per step</p>,0: Login to the dashboard with valid credentials -> User is logged in successfully || 1: Navigate to the Shareplans Detail Table -> Shareplans Detail Table is displayed || 2: Select the In-plan Shareplan group -> Customer is brought to a separate table with listed details || 3: Verify that the data is sorted based on the billing account's alphabetical order -> Data is sorted correctly || 4: Perform cleanup actions -> User is logged out of the dashboard
ptw_complete_v4,REQ-014,Shareplans Detail Table,Shareplans Detail Table - Select Roaming Shareplan group,E2E test for Select Roaming Shareplan group of Shareplans Detail Table,REQ-014,DRAFT,FUNCTIONAL_TESTING|END_TO_END_TESTING|DEPLOYMENT_VERIFICATION_TESTING,UI,• User is logged in to the dashboard • User has the necessary permissions to view the Shareplans Detail Table,<p>Calculated per step</p>,0: Login to the dashboard with valid credentials -> User is successfully logged in and redirected to the dashboard || 1: Navigate to the Shareplans Detail Table -> Shareplans Detail Table is displayed || 2: Select the Roaming Shareplan group -> Roaming Shareplan group data is displayed || 3: Verify the displayed data -> Data is displayed correctly and sorted by billing account's alphabetical order || 4: Sort the data by billing account's alphabetical order -> Data is sorted correctly || 5: Verify the sorted data -> Data is sorted correctly and displayed in the correct order || 6: Logout from the dashboard -> User is successfully logged out
ptw_complete_v4,REQ-014,Shareplans Detail Table,Shareplans Detail Table - Select Overage Shareplan group,E2E test for Select Overage Shareplan group of Shareplans Detail Table,REQ-014,DRAFT,FUNCTIONAL_TESTING|END_TO_END_TESTING|DEPLOYMENT_VERIFICATION_TESTING,UI,• User is logged in to the dashboard • User has the necessary permissions to view the Shareplans Detail Table,<p>Calculated per step</p>,"0: Login to the dashboard with valid credentials -> User is successfully logged in and redirected to the dashboard || 1: Navigate to the Shareplans Detail Table -> Shareplans Detail Table is displayed || 2: Select the Overage Shareplan group -> Overage Shareplan group data is displayed || 3: Verify the displayed data -> Data is displayed in a table with columns for billing account, usage, and cost || 4: Sort the data by billing account's alphabetical order -> Data is sorted in alphabetical order by billing account || 5: Verify the sorted data -> Data is displayed in alphabetical order by billing account || 6: Logout from the dashboard -> User is successfully logged out"
ptw_complete_v4,REQ-015,Individual Plans Detail Table,Individual Plans Detail Table - Selecting individual plan subscribers,E2E test for selecting individual plan subscribers of Individual Plans Detail Table feature,REQ-015,DRAFT,FUNCTIONAL_TESTING|END_TO_END_TESTING|DEPLOYMENT_VERIFICATION_TESTING,UI,• User is logged in to the dashboard • User has the necessary permissions to view the Individual Plans Detail Table,<p>Calculated per step</p>,"0: Click on the 'Individual Plans' tab -> The Individual Plans tab is selected and the corresponding table is displayed || 1: Verify that the table displays the correct columns (e.g., 'Subscriber', 'Allowance', 'Used', 'Overage') -> The table displays the correct columns || 2: Select a specific individual plan from the table -> The selected plan's details are displayed in a separate table || 3: Verify that the separate table displays the correct details for the selected plan (e.g., 'Subscriber', 'Allowance', 'Used', 'Overage') -> The separate table displays the correct details for the selected plan || 4: Verify that the data in the separate table is accurate and reflects the correct allowance, used, and overage for each subscriber -> The data in the separate table is accurate and reflects the correct allowance, used, and overage for each subscriber || 5: Click on the 'Back' button to return to the main Individual Plans table -> The main Individual Plans table is displayed || 6: Verify that the main Individual Plans table still displays the correct data -> The main Individual Plans table still displays the correct data || 7: Log out of the dashboard -> The user is logged out of the dashboard"
ptw_complete_v4,REQ-015,Individual Plans Detail Table,Individual Plans Detail Table - Verifying subscriber details,E2E test for Verifying subscriber details of Individual Plans Detail Table,REQ-015,DRAFT,FUNCTIONAL_TESTING|END_TO_END_TESTING|DEPLOYMENT_VERIFICATION_TESTING,UI,• User is logged in to the dashboard • User has permission to view individual plans detail table,<p>Calculated per step</p>,0: Login to the dashboard with valid credentials -> User is logged in successfully || 1: Navigate to the Individual Plans Detail Table feature -> User is redirected to the Individual Plans Detail Table page || 2: Select the number of individual plan subscribers -> User is redirected to a separate table with listed details || 3: Verify the details in the separate table -> Table reflects 10 subscriber numbers with accurate details || 4: Verify the correct allowance for each subscriber -> Allowance is correct for each subscriber || 5: Verify the correct used amount for each subscriber -> Used amount is correct for each subscriber || 6: Verify the correct overage for each subscriber -> Overage is correct for each subscriber || 7: Cleanup test data -> Test data is removed
ptw_complete_v4,REQ-016,Back Button to Drill down table,Back Button to Drill down table - Navigate back from Shareplans Detail Table,E2E test for Navigate back from Shareplans Detail Table of Back Button to Drill down table,REQ-016,DRAFT,FUNCTIONAL_TESTING|END_TO_END_TESTING|DEPLOYMENT_VERIFICATION_TESTING,UI,• User is logged in to the dashboard • User has the necessary permissions to view the Usage Summary and Details widget,<p>Calculated per step</p>,0: Login to the dashboard with valid credentials -> User is successfully logged in and redirected to the dashboard || 1: Click on the Usage Summary and Details widget -> The Usage Summary and Details widget is displayed || 2: Select the Data tab -> The Data tab is selected and the corresponding bar chart is displayed || 3: Click on the bar chart to drill down to the Shareplans Detail Table -> The Shareplans Detail Table is displayed || 4: Apply filters to the Shareplans Detail Table -> The filters are applied and the table is updated || 5: Click the back button -> The user is returned to the standard Usage Bar Chart Drilldown View || 6: Verify that the filters are still applied -> The filters are still applied and the view is updated accordingly || 7: Log out of the dashboard -> The user is successfully logged out
ptw_complete_v4,REQ-016,Back Button to Drill down table,Back Button to Drill down table - Navigate back from Individual Plans Detail Table,E2E test for Navigate back from Individual Plans Detail Table of Back Button to Drill down table,REQ-016,DRAFT,FUNCTIONAL_TESTING|END_TO_END_TESTING|DEPLOYMENT_VERIFICATION_TESTING,UI,• User is logged in to the dashboard • User has the necessary permissions to view the Usage Summary and Details widget,<p>Calculated per step</p>,0: Login to the dashboard with valid credentials -> User is successfully logged in and redirected to the dashboard || 1: Navigate to the Usage Summary and Details widget -> Usage Summary and Details widget is displayed || 2: Select the Data tab -> Data tab is selected and the corresponding bar chart is displayed || 3: Click on the bar chart to drill down to the Individual Plans Detail Table -> Individual Plans Detail Table is displayed || 4: Click on the back button -> User is returned to the standard Usage Bar Chart Drilldown View || 5: Verify that all existing filters are still applied -> All existing filters are still applied || 6: Verify that the back button returns the user to the previous view -> User is returned to the previous view || 7: Logout of the dashboard -> User is successfully logged out
ptw_complete_v4,REQ-016,Back Button to Drill down table,Back Button to Drill down table - Navigate back with filters applied,E2E test for Navigate back with filters applied of Back Button to Drill down table,REQ-016,DRAFT,FUNCTIONAL_TESTING|END_TO_END_TESTING|DEPLOYMENT_VERIFICATION_TESTING,UI,"• User is logged in to the dashboard • User has necessary permissions to view the Usage Summary and Details widget • User has selected a usage tab (e.g., Data, Voice, Long Distance, or SMS)",<p>Calculated per step</p>,"0: Click on the Usage Summary and Details widget -> The widget expands to show usage details || 1: Select a specific NAG (Group) Filter -> The usage data is filtered according to the selected NAG || 2: Click on the Data Usage Bar Chart -> The bar chart displays usage data for the last 14 months || 3: Click on the Drilldown button for a specific month -> The Shareplans Detail Table or Individual Plans Detail Table is displayed || 4: Apply filters to the table (e.g., select a specific plan or date range) -> The table data is filtered according to the applied filters || 5: Click on the Back Button -> The user is returned to the previous view with all existing filters remaining || 6: Verify that the filters are still applied -> The filters are still applied, and the usage data is displayed accordingly || 7: Click on the Usage Summary and Details widget again -> The widget expands to show usage details, and the filters are still applied || 8: Verify that the usage data is displayed correctly -> The usage data is displayed correctly, and the filters are still applied || 9: Log out of the dashboard -> The user is logged out, and the session is terminated"
ptw_complete_v4,REQ-017,Shopping and Orders Widget,Shopping and Orders Widget - View submitted orders,E2E test for View submitted orders of Shopping and Orders Widget,REQ-017,DRAFT,FUNCTIONAL_TESTING|END_TO_END_TESTING|DEPLOYMENT_VERIFICATION_TESTING,UI,• User is logged in to the dashboard • User has a valid NAG selected,<p>Calculated per step</p>,"0: Navigate to the dashboard -> Dashboard is displayed with the Shopping and Orders Widget visible || 1: Verify the Shopping and Orders Widget is visible -> Widget is visible with the title 'Shopping and Orders' || 2: Verify the 'Shop now' button is visible and enabled -> Button is visible and enabled in the top right corner of the widget || 3: Click the 'Shop now' button -> User is redirected to https://shop.enterprisecentre.bell.ca/devices in a new browser tab || 4: Verify the 'Latest Orders' table is visible -> Table is visible below the widget title || 5: Verify the 'Latest Orders' table shows a maximum of 5 orders -> Table shows 5 or fewer orders || 6: Verify the orders are sorted by creation date in descending order -> Orders are sorted by creation date in descending order || 7: Verify the order details are accurate -> Order details are accurate and match the expected values || 8: Click on an order to view details -> Order details page is displayed with accurate information || 9: Verify the order details page shows the correct information -> Order details page shows the correct information, including order ID, creation date, status, and other relevant details || 10: Click the 'Back' button to return to the 'Latest Orders' table -> User is returned to the 'Latest Orders' table || 11: Verify the 'Latest Orders' table is still visible and shows the correct orders -> Table is still visible and shows the correct orders || 12: Log out of the dashboard -> User is logged out of the dashboard || 13: Verify the user is logged out and the dashboard is no longer accessible -> User is logged out and the dashboard is no longer accessible"
ptw_complete_v4,REQ-017,Shopping and Orders Widget,Shopping and Orders Widget - View in-progress orders,E2E test for View in-progress orders of Shopping and Orders Widget,REQ-017,DRAFT,FUNCTIONAL_TESTING|END_TO_END_TESTING|DEPLOYMENT_VERIFICATION_TESTING,UI,• User is logged in to the dashboard • User has at least one in-progress order,<p>Calculated per step</p>,"0: Click on the Shopping and Orders Widget -> The Latest Orders table is displayed || 1: Verify the Latest Orders table content -> The table shows a maximum of 5 orders, sorted by creation date in descending order || 2: Verify the order details -> The order details are accurate and match the expected values || 3: Click on the Shop now button -> The user is redirected to https://shop.enterprisecentre.bell.ca/devices in a new browser tab || 4: Verify the URL -> The URL is https://shop.enterprisecentre.bell.ca/devices || 5: Go back to the dashboard -> The dashboard is displayed || 6: Verify the Latest Orders table content again -> The table still shows the correct orders, sorted by creation date in descending order || 7: Logout -> The user is logged out"
ptw_complete_v4,REQ-017,Shopping and Orders Widget,Shopping and Orders Widget - View completed orders,E2E test for viewing completed orders of Shopping and Orders Widget,REQ-017,DRAFT,FUNCTIONAL_TESTING|END_TO_END_TESTING|DEPLOYMENT_VERIFICATION_TESTING,UI,• User is logged in to the dashboard • User has permission to view orders,<p>Calculated per step</p>,0: Click on the 'Shopping and Orders Widget' tab -> The 'Shopping and Orders Widget' tab is displayed || 1: Verify the visibility of the 'Shop now' button -> The 'Shop now' button is visible in the top right corner || 2: Click on the 'Shop now' button -> The user is redirected to the shop website in a new browser tab || 3: Verify the 'Latest Orders' table is displayed -> The 'Latest Orders' table is displayed below the widget title || 4: Verify the 'Latest Orders' table shows a maximum of 5 orders -> The table shows 5 or fewer orders || 5: Verify the orders are sorted by creation date in descending order -> The orders are sorted correctly || 6: Click on a completed order in the 'Latest Orders' table -> The order details are displayed || 7: Verify the order details are accurate -> The order details match the expected values || 8: Verify the order status is 'Completed' -> The order status is 'Completed' || 9: Repeat steps 7-9 for multiple completed orders -> The order details and status are accurate for each order
ptw_complete_v4,REQ-017,Shopping and Orders Widget,Shopping and Orders Widget - Verify order details,E2E test for Verify order details of Shopping and Orders Widget,REQ-017,DRAFT,FUNCTIONAL_TESTING|END_TO_END_TESTING|DEPLOYMENT_VERIFICATION_TESTING,UI,• User is logged in to the dashboard • User has at least one order in the system,<p>Calculated per step</p>,"0: Login to the dashboard with valid credentials -> User is logged in successfully || 1: Navigate to the Shopping and Orders Widget -> Widget is displayed with the title 'Shopping and Orders' || 2: Click on the 'Latest Orders' table -> Table displays a maximum of 5 orders, sorted by creation date in descending order || 3: Verify the order details for each order in the table -> Order details are accurate and match the expected outcomes || 4: Click on the 'View All Orders' link -> User is redirected to the orders page with a list of all orders || 5: Verify the order details for each order on the orders page -> Order details are accurate and match the expected outcomes || 6: Click on the 'Shop now' button -> User is redirected to the shop page in a new browser tab || 7: Verify that the user is redirected to the correct URL -> User is redirected to https://shop.enterprisecentre.bell.ca/devices || 8: Close the browser tab and return to the dashboard -> User is returned to the dashboard || 9: Log out of the dashboard -> User is logged out successfully"
ptw_complete_v4,REQ-018,Shop now Button,Shop now Button - Button click redirects to correct URL,E2E test for Button click redirects to correct URL of Shop now Button,REQ-018,DRAFT,FUNCTIONAL_TESTING|END_TO_END_TESTING|DEPLOYMENT_VERIFICATION_TESTING,UI,• User is logged in to the application • User has access to the Shopping and orders widget,<p>Calculated per step</p>,0: Login to the application with valid credentials -> User is logged in successfully || 1: Navigate to the dashboard -> Dashboard is displayed || 2: Locate the Shopping and orders widget -> Widget is displayed || 3: Verify the Shop now button is positioned in the top right corner of the widget -> Button is displayed in the correct position || 4: Click the Shop now button -> User is redirected to a new browser tab || 5: Verify the URL in the new browser tab -> URL is https://shop.enterprisecentre.bell.ca/devices || 6: Verify the language of the page in the new browser tab -> Language is the same as the original page || 7: Close the new browser tab -> Tab is closed || 8: Verify the user is still logged in to the application -> User is still logged in || 9: Logout from the application -> User is logged out successfully
ptw_complete_v4,REQ-018,Shop now Button,Shop now Button - Button placement is correct,E2E test for 'Button placement is correct' scenario of 'Shop now Button' feature,REQ-018,DRAFT,FUNCTIONAL_TESTING|END_TO_END_TESTING|DEPLOYMENT_VERIFICATION_TESTING,UI,• User is logged in to the dashboard • User has the necessary permissions to view the Shopping and orders widget,<p>Calculated per step</p>,0: Login to the dashboard with valid credentials -> User is successfully logged in and the dashboard is displayed || 1: Navigate to the Shopping and orders widget -> The Shopping and orders widget is visible and contains a 'Shop now' button || 2: Verify the 'Shop now' button placement -> The 'Shop now' button is positioned in the top right corner of the Shopping and orders widget || 3: Click the 'Shop now' button -> A new browser tab opens with the URL https://shop.enterprisecentre.bell.ca/devices || 4: Verify the URL in the new browser tab -> The URL in the new browser tab is https://shop.enterprisecentre.bell.ca/devices || 5: Verify the language of the content in the new browser tab -> The language of the content in the new browser tab matches the language of the dashboard || 6: Close the new browser tab and return to the dashboard -> The user is returned to the dashboard || 7: Verify the 'Latest Orders' table is displayed below the widget title -> The 'Latest Orders' table is visible and contains a maximum of 5 orders || 8: Verify the orders in the 'Latest Orders' table are sorted by creation date in descending order -> The orders in the 'Latest Orders' table are sorted by creation date in descending order || 9: Logout of the dashboard -> The user is successfully logged out
ptw_complete_v4,REQ-019,Latest Orders Table,Latest Orders Table - Verify Latest Orders Table Populates Correctly,E2E test for Verify Latest Orders Table Populates Correctly of Latest Orders Table,REQ-019,DRAFT,FUNCTIONAL_TESTING|END_TO_END_TESTING|DEPLOYMENT_VERIFICATION_TESTING,UI,• User is logged in to the dashboard • NAG is selected and in context,<p>Calculated per step</p>,0: Click on the 'Shopping and Orders' widget -> The 'Shopping and Orders' widget is displayed || 1: Verify the 'Latest Orders' table is visible -> The 'Latest Orders' table is displayed below the widget title || 2: Verify the 'Latest Orders' table shows a maximum of 5 orders -> The table shows 5 or fewer orders || 3: Verify the orders are sorted by creation date in descending order -> The orders are sorted by creation date in descending order || 4: Verify the orders are the most recent orders for the selected NAG -> The orders are the most recent orders for the selected NAG || 5: Click on an order ID in the 'Latest Orders' table -> A new tab opens with the order's detail page || 6: Verify the order detail page is displayed -> The order detail page is displayed with the correct order information || 7: Close the order detail page tab -> The order detail page tab is closed || 8: Verify the 'Latest Orders' table still shows the correct orders -> The 'Latest Orders' table still shows the correct orders || 9: Log out of the dashboard -> The user is logged out of the dashboard
ptw_complete_v4,REQ-019,Latest Orders Table,Latest Orders Table - Verify Order ID Clickability,E2E test for Verify Order ID Clickability of Latest Orders Table feature,REQ-019,DRAFT,FUNCTIONAL_TESTING|END_TO_END_TESTING|DEPLOYMENT_VERIFICATION_TESTING,UI,• User has valid login credentials • User has a valid NAG • Test orders are created with different creation dates,<p>Calculated per step</p>,0: Login to the application with valid credentials -> User is logged in successfully || 1: Navigate to the dashboard page -> Dashboard page is displayed || 2: Verify that the Latest Orders table is displayed with a maximum of 5 orders -> Latest Orders table is displayed with 5 or fewer orders || 3: Verify that the orders are sorted by creation date in descending order -> Orders are sorted by creation date in descending order || 4: Click on an Order ID in the table -> A new tab is opened with the order's detail page || 5: Verify that the order details are displayed correctly -> Order details are displayed correctly || 6: Close the new tab and return to the dashboard page -> User is returned to the dashboard page || 7: Repeat steps 5-7 for each Order ID in the table -> Each Order ID is clickable and opens a new tab with the order's detail page || 8: Logout of the application -> User is logged out successfully
ptw_complete_v4,REQ-020,Submitted Orders link,Submitted Orders link - Link is clickable and navigates to correct URL,E2E test for Link is clickable and navigates to correct URL of Submitted Orders link,REQ-020,DRAFT,FUNCTIONAL_TESTING|END_TO_END_TESTING|DEPLOYMENT_VERIFICATION_TESTING,UI,• User is logged in to the application • User has access to the dashboard where the Submitted Orders link is located,<p>Calculated per step</p>,"0: Login to the application with valid credentials -> User is logged in successfully || 1: Navigate to the dashboard where the Submitted Orders link is located -> Dashboard is displayed with the Submitted Orders link || 2: Verify that the Submitted Orders link is visible and clickable -> Submitted Orders link is visible and clickable || 3: Click on the Submitted Orders link -> New browser tab opens with the correct URL (https://enterprisecentre.bell.ca/service-requests/my-requests) || 4: Verify that the view is filtered based on Mobile devices and plans, only and for the last 30 days -> View is filtered correctly || 5: Verify that the correct data is displayed in the new browser tab -> Correct data is displayed || 6: Close the new browser tab -> New browser tab is closed || 7: Logout from the application -> User is logged out successfully"
ptw_complete_v4,REQ-020,Submitted Orders link,Submitted Orders link - View is filtered correctly,E2E test for 'View is filtered correctly' scenario of 'Submitted Orders link' feature,REQ-020,DRAFT,FUNCTIONAL_TESTING|END_TO_END_TESTING|DEPLOYMENT_VERIFICATION_TESTING,UI,• User is logged in with valid credentials • User has necessary permissions to access dashboard and 'Submitted Orders link' • Dashboard is displayed with 'Submitted Orders link' visible,<p>Calculated per step</p>,0: Click on 'Submitted Orders link' on the dashboard -> User is redirected to 'https://enterprisecentre.bell.ca/service-requests/my-requests' in a new browser tab || 1: Verify URL in new tab -> URL is 'https://enterprisecentre.bell.ca/service-requests/my-requests' || 2: Verify filter options on the page -> Filter options are set to 'Mobile devices and plans' and 'Last 30 days' || 3: Verify data displayed on the page -> Data is filtered correctly based on 'Mobile devices and plans' and 'Last 30 days' || 4: Verify that only submitted orders are displayed -> Only submitted orders are displayed on the page || 5: Verify that the orders are sorted by creation date in descending order -> Orders are sorted by creation date in descending order || 6: Verify that the page displays a maximum of 5 orders -> The page displays a maximum of 5 orders || 7: Verify that the orders are for the selected NAG -> The orders are for the selected NAG || 8: Log out of the application -> User is logged out of the application
ptw_complete_v4,REQ-021,In-Progress Orders link,In-Progress Orders link - Successful Navigation to My Request Page,E2E test for Successful Navigation to My Request Page of In-Progress Orders link,REQ-021,DRAFT,FUNCTIONAL_TESTING|END_TO_END_TESTING|DEPLOYMENT_VERIFICATION_TESTING,UI,• User is logged in to the application • User has access to the dashboard,<p>Calculated per step</p>,0: Log in to the application with valid credentials -> User is logged in successfully || 1: Navigate to the dashboard -> Dashboard is displayed || 2: Click on the In-Progress Orders link -> New browser tab is opened with URL https://enterprisecentre.bell.ca/service-requests/my-requests || 3: Verify that the view is filtered to show only in-progress orders for mobile devices and plans from the last 30 days -> View is filtered as expected || 4: Verify that the correct data is displayed on the My Request page -> Data is correct and up-to-date || 5: Verify that the Latest Orders table shows a maximum of 5 orders -> Latest Orders table shows a maximum of 5 orders || 6: Verify that the orders are sorted by creation date in descending order -> Orders are sorted by creation date in descending order || 7: Verify that the Shop now button is visible and clickable -> Shop now button is visible and clickable || 8: Click on the Shop now button and verify that the user is redirected to the correct URL -> User is redirected to the correct URL || 9: Log out of the application -> User is logged out successfully
ptw_complete_v4,REQ-021,In-Progress Orders link,In-Progress Orders link - Cross-Browser Compatibility,E2E test for Cross-Browser Compatibility of In-Progress Orders link,REQ-021,DRAFT,FUNCTIONAL_TESTING|END_TO_END_TESTING|DEPLOYMENT_VERIFICATION_TESTING,UI,• User is logged in • User has access to the My Requests page,<p>Calculated per step</p>,0: Open the browser and navigate to the login page -> Login page is displayed || 1: Enter valid login credentials and click the login button -> User is logged in and redirected to the dashboard || 2: Click on the Shopping and Orders widget -> The widget expands to show the In-Progress Orders link || 3: Click the In-Progress Orders link -> A new browser tab opens with the URL https://enterprisecentre.bell.ca/service-requests/my-requests || 4: Verify the URL in the new tab -> The URL is https://enterprisecentre.bell.ca/service-requests/my-requests || 5: Verify the filtering of orders -> Only in-progress orders for mobile devices and plans from the last 30 days are shown || 6: Test the feature in different browsers -> The feature works as expected in all browsers || 7: Clean up after the test -> All test data is removed
ptw_complete_v4,REQ-021,In-Progress Orders link,In-Progress Orders link - Filtering Logic,E2E test for Filtering Logic of In-Progress Orders link,REQ-021,DRAFT,FUNCTIONAL_TESTING|END_TO_END_TESTING|DEPLOYMENT_VERIFICATION_TESTING,UI,• User is logged in to the application • User has access to the page where the In-Progress Orders link is located,<p>Calculated per step</p>,0: Login to the application with valid credentials -> User is logged in successfully || 1: Navigate to the page where the In-Progress Orders link is located -> Page is loaded successfully || 2: Click on the In-Progress Orders link -> New browser tab is opened with the correct URL || 3: Verify that the view is filtered to show only in-progress orders for mobile devices and plans from the last 30 days -> View is filtered correctly || 4: Verify that the filtering logic is working correctly -> Filtering logic is working correctly || 5: Verify that the correct columns are displayed in the view -> Correct columns are displayed || 6: Verify that the data is sorted correctly -> Data is sorted correctly || 7: Verify that the pagination is working correctly -> Pagination is working correctly || 8: Verify that the search functionality is working correctly -> Search functionality is working correctly || 9: Verify that the filtering logic is working correctly for different scenarios -> Filtering logic is working correctly for different scenarios || 10: Logout of the application -> User is logged out successfully || 11: Close the browser -> Browser is closed
ptw_complete_v4,REQ-022,Completed Orders link,Completed Orders link - Successful navigation to My Request page,E2E test for Successful navigation to My Request page of Completed Orders link,REQ-022,DRAFT,FUNCTIONAL_TESTING|END_TO_END_TESTING|DEPLOYMENT_VERIFICATION_TESTING,UI,• User is logged in to the application • User has access to the dashboard,<p>Calculated per step</p>,"0: Login to the application with valid credentials -> User is logged in successfully || 1: Navigate to the dashboard -> Dashboard is displayed || 2: Click on the Completed Orders link -> User is redirected to https://enterprisecentre.bell.ca/service-requests/my-requests in a new browser tab || 3: Verify that the view is filtered based on Mobile devices and plans, only for the last 30 days -> View is filtered correctly || 4: Verify that the My Request page displays the correct data -> Data is displayed correctly || 5: Verify that the page displays a maximum of 5 orders -> Page displays a maximum of 5 orders || 6: Verify that the orders are sorted by creation date in descending order -> Orders are sorted correctly || 7: Verify that the Shop now button is displayed and clickable -> Shop now button is displayed and clickable || 8: Verify that the Latest Orders table is displayed and shows the most recent orders -> Latest Orders table is displayed and shows the most recent orders || 9: Verify that the user can navigate back to the dashboard -> User can navigate back to the dashboard || 10: Logout of the application -> User is logged out successfully"
ptw_complete_v4,REQ-023,View All Orders link,View All Orders link - Valid Orders,E2E test for Valid Orders scenario of View All Orders link feature,REQ-023,DRAFT,FUNCTIONAL_TESTING|END_TO_END_TESTING|DEPLOYMENT_VERIFICATION_TESTING,UI,• User is logged in • User has a valid NAG • User has placed orders,<p>Calculated per step</p>,"0: Login to the application -> User is logged in successfully || 1: Navigate to the Shopping and Orders widget -> Shopping and Orders widget is displayed || 2: Click on the View All Orders link -> Full Orders list is displayed in the My Requests table || 3: Verify the orders list -> Orders list is filtered by product, only showing Mobile Devices and plans || 4: Verify the order data -> Order data is accurate || 5: Click on an order -> Order details are displayed || 6: Verify the order details -> Order details are accurate || 7: Click on the Back button -> Orders list is displayed again || 8: Logout from the application -> User is logged out successfully"
ptw_complete_v4,REQ-023,View All Orders link,View All Orders link - No Orders,E2E test for No Orders scenario of View All Orders link feature,REQ-023,DRAFT,FUNCTIONAL_TESTING|END_TO_END_TESTING|DEPLOYMENT_VERIFICATION_TESTING,UI,• User is logged in to the application • User has navigated to the dashboard,<p>Calculated per step</p>,0: Click on the View All Orders link -> Orders list page is displayed || 1: Verify that the orders list is empty -> Orders list is empty || 2: Verify that there are no errors displayed -> No errors are displayed || 3: Verify that the filter by product is set to Mobile Devices and plans -> Filter by product is set to Mobile Devices and plans || 4: Try to view the details of a non-existent order -> Error message is displayed indicating that the order does not exist || 5: Verify that the user can navigate back to the dashboard -> User is navigated back to the dashboard || 6: Log out of the application -> User is logged out of the application
ptw_complete_v4,REQ-023,View All Orders link,View All Orders link - Invalid Login,E2E test for Invalid Login scenario of View All Orders link feature,REQ-023,DRAFT,FUNCTIONAL_TESTING|END_TO_END_TESTING|DEPLOYMENT_VERIFICATION_TESTING,UI,• User has invalid login credentials • User is on the login page,<p>Calculated per step</p>,0: Enter invalid username and password -> Login attempt is unsuccessful || 1: Click on the login button -> Error message is displayed || 2: Navigate to the login page again -> Login page is displayed || 3: Enter valid username and password -> Login is successful || 4: Click on the View All Orders link -> Full orders detailed list is displayed || 5: Verify the products displayed -> Only Mobile Devices and plans are displayed || 6: Verify the order data accuracy -> Order data is accurate || 7: Logout -> User is logged out
ptw_complete_v4,REQ-024,Permissions Quick Links,Permissions Quick Links - Select Manage my access link,E2E test for Select Manage my access link of Permissions Quick Links,REQ-024,DRAFT,FUNCTIONAL_TESTING|END_TO_END_TESTING|DEPLOYMENT_VERIFICATION_TESTING,UI,• User has a valid account • User is logged out,<p>Calculated per step</p>,0: Login to the application with valid credentials -> User is logged in successfully || 1: Navigate to the dashboard -> Dashboard is displayed || 2: Locate the Permissions Quick Links section -> Permissions Quick Links section is visible || 3: Select the Manage my access link -> User is redirected to the Manage my access page || 4: Verify the URL of the Manage my access page -> URL matches https://www.app1.businessportal.bell.ca/cis/view/manageAccessBBP.xhtml?identityKey=196634 || 5: Clean up test data -> Test data is removed
ptw_complete_v4,REQ-024,Permissions Quick Links,Permissions Quick Links - Select Manage my users link,E2E test for Select Manage my users link of Permissions Quick Links,REQ-024,DRAFT,FUNCTIONAL_TESTING|END_TO_END_TESTING|DEPLOYMENT_VERIFICATION_TESTING,UI,• User is logged in to the application • User has the necessary permissions to access the Permissions Quick Links feature,<p>Calculated per step</p>,0: Login to the application with valid credentials -> User is successfully logged in and redirected to the dashboard || 1: Navigate to the Permissions Quick Links section -> Permissions Quick Links section is displayed with all links || 2: Click on the Manage my users link -> User is redirected to https://www.app1.businessportal.bell.ca/cis/view/manageUsers.xhtml?reset=true || 3: Verify the URL and page content -> The page content matches the expected manage users page || 4: Perform a quick link functionality test by selecting other links -> Each link redirects to the correct URL and displays the correct page content || 5: Verify the manage users page functionality -> All elements on the manage users page are functional and behave as expected || 6: Logout of the application -> User is successfully logged out and redirected to the login page || 7: Verify that the user can no longer access the manage users page without logging in -> Access to the manage users page is denied without login credentials
ptw_complete_v4,REQ-024,Permissions Quick Links,Permissions Quick Links - Select Create a new user link,E2E test for Select Create a new user link of Permissions Quick Links,REQ-024,DRAFT,FUNCTIONAL_TESTING|END_TO_END_TESTING|DEPLOYMENT_VERIFICATION_TESTING,UI,• User is logged in • User has necessary permissions to access Create a new user link,<p>Calculated per step</p>,0: Login to the application -> User is logged in successfully || 1: Navigate to the Permissions Quick Links page -> Permissions Quick Links page is displayed || 2: Select the Create a new user link -> User is redirected to the Create a new user page || 3: Verify the URL of the page -> URL is https://www.app1.businessportal.bell.ca/cis/view/newidentity.xhtml?faces-redirect=true || 4: Verify the page title -> Page title is Create a new user || 5: Logout of the application -> User is logged out successfully
ptw_complete_v4,REQ-025,Subscriber Page Warranty Display,Subscriber Page Warranty Display - Verify accurate warranty date display,E2E test for Verify accurate warranty date display of Subscriber Page Warranty Display,REQ-025,DRAFT,FUNCTIONAL_TESTING|END_TO_END_TESTING|DEPLOYMENT_VERIFICATION_TESTING,UI,• User has a valid account • User has a device with a warranty • User is logged out of the system,<p>Calculated per step</p>,0: Log into the system with valid credentials -> User is successfully logged in and redirected to the dashboard || 1: Navigate to the Subscriber Page -> Subscriber Page is displayed with the user's information || 2: Locate the warranty information section on the Subscriber Page -> Warranty information section is found and visible || 3: Verify the warranty date is displayed -> Warranty date is displayed and matches the activation date of the device || 4: Verify the warranty date is in the correct location on the page -> Warranty date is in the specified line as per the acceptance criteria || 5: Change the device or its activation date -> Warranty date updates to reflect the new device or activation date || 6: Verify the updated warranty date -> Updated warranty date is displayed and accurate || 7: Log out of the system -> User is successfully logged out
ptw_complete_v4,REQ-025,Subscriber Page Warranty Display,Subscriber Page Warranty Display - Verify warranty date display for different devices,E2E test for Verify warranty date display for different devices of Subscriber Page Warranty Display,REQ-025,DRAFT,FUNCTIONAL_TESTING|END_TO_END_TESTING|DEPLOYMENT_VERIFICATION_TESTING,UI,• User has a valid login credentials • User has devices with active and inactive warranties • User has access to the subscriber page,<p>Calculated per step</p>,0: Login to the system with valid credentials -> User is logged in successfully || 1: Navigate to the subscriber page -> Subscriber page is displayed || 2: Verify warranty date display for a device with an active warranty -> Warranty date is displayed accurately and within a specific line || 3: Verify warranty date display for a device with no active warranty (BYOD) -> Warranty date is not displayed or a message indicating no active warranty is displayed || 4: Verify warranty date display for multiple devices with active warranties -> Warranty dates are displayed accurately and within specific lines for each device || 5: Verify that the warranty date is accurate towards the customer's activation date associated with the device currently on the profile -> Warranty date is accurate and matches the customer's activation date || 6: Verify that the warranty date is displayed within a specific line -> Warranty date is displayed within a specific line || 7: Logout of the system -> User is logged out successfully
ptw_complete_v4,REQ-026,BAN Page Warranty Display,BAN Page Warranty Display - Warranty Date Accuracy,E2E test for Warranty Date Accuracy scenario of BAN Page Warranty Display feature,REQ-026,DRAFT,FUNCTIONAL_TESTING|END_TO_END_TESTING|DEPLOYMENT_VERIFICATION_TESTING,UI,• User has a valid username and password • User has a device with a known activation date and warranty expiration date,<p>Calculated per step</p>,0: Login to the system with valid credentials -> User is logged in successfully || 1: Navigate to the BAN Information Page -> BAN Information Page is displayed || 2: Verify that the warranty expiration date is displayed -> Warranty expiration date is displayed || 3: Verify that the warranty expiration date is accurate based on the device's activation date -> Warranty expiration date is accurate || 4: Cleanup -> Test environment is cleaned up
ptw_complete_v4,REQ-026,BAN Page Warranty Display,BAN Page Warranty Display - Warranty Date Display,E2E test for Warranty Date Display of BAN Page Warranty Display,REQ-026,DRAFT,FUNCTIONAL_TESTING|END_TO_END_TESTING|DEPLOYMENT_VERIFICATION_TESTING,UI,• User has a valid account and is logged in • User has a device with a warranty associated with their BAN profile,<p>Calculated per step</p>,0: Login to the SSC with valid credentials -> User is successfully logged in and redirected to the dashboard || 1: Navigate to the BAN Information Page -> BAN Information Page is displayed with the device details || 2: Verify the warranty expiration date is displayed -> Warranty expiration date is displayed and corresponds to the device's activation date || 3: Verify the warranty expiration date is accurate -> Warranty expiration date matches the expected date based on the device's activation date || 4: Verify the warranty expiration date is displayed within the specific line -> Warranty expiration date is displayed within the specific line as per the visual design || 5: Logout of the SSC -> User is successfully logged out and redirected to the login page || 6: Verify the warranty expiration date is not displayed for a device without a warranty -> Warranty expiration date is not displayed for a device without a warranty || 7: Verify the warranty expiration date is displayed for a device with a warranty -> Warranty expiration date is displayed for a device with a warranty || 8: Verify the warranty expiration date is updated when the device's activation date is updated -> Warranty expiration date is updated to reflect the new activation date || 9: Verify the warranty expiration date is displayed for multiple devices with warranties -> Warranty expiration dates are displayed for multiple devices with warranties || 10: Verify the warranty expiration date is not displayed for multiple devices without warranties -> Warranty expiration dates are not displayed for multiple devices without warranties || 11: Verify the warranty expiration date is displayed for a device with a warranty and multiple devices without warranties -> Warranty expiration date is displayed for a device with a warranty and not displayed for devices without warranties || 12: Verify the warranty expiration date is updated when the device's warranty information is updated -> Warranty expiration date is updated to reflect the new warranty information || 13: Verify the warranty expiration date is displayed for a device with a warranty and the user has the necessary permissions -> Warranty expiration date is displayed for a device with a warranty and the user has the necessary permissions || 14: Verify the warranty expiration date is not displayed for a device with a warranty and the user does not have the necessary permissions -> Warranty expiration date is not displayed for a device with a warranty and the user does not have the necessary permissions
